order is 3, height is 5, objPerNode is 5, recall is 0.8, pathLength is 6, runTime is 100
myObjectScore: 1.0
sensorObjectScore: 0.3333333333333333
myStateScore: 1.0
asrStatePercentage: 0.3333333333333333
in the 0 th interation, haha!!!!
myObjectScore: 0.8333333333333334
sensorObjectScore: 0.8333333333333334
myStateScore: 0.8333333333333334
asrStatePercentage: 0.8333333333333334
in the 1 th interation, haha!!!!
myObjectScore: 1.0
sensorObjectScore: 0.6666666666666666
myStateScore: 1.0
asrStatePercentage: 0.6666666666666666
in the 2 th interation, haha!!!!
